12
117
0 90 133 191 26 109 38 126 66 152 188 3 22 187 146 79 146 6 134 40 102 162 184 28 60 161 142 174 111 189 111 10 83 194 75 38 130 29 35 15 173 132 93 62 89 56 9 115 164 23 190 141 54 158 180 52 184 14 100 110 198 8 91 5 30 111 29 35 164 91 8 63 36 133 99 105 155 21 144 63 83 188 152 197 74 129 22 3 181 107 45 106 185 48 174 51 169 154 37 47 111 10 83 0 31 6 161 3 188 7 189 23 190 124 92 5 90 0
965 893 1058 983 389 812 170 245 535 752 1172 890 153 82 784 1169 697 624 584 654 381 813 338 262 214 1143 1079 775 383 296 876 182 178 998 51 490 643 1161 92 917 85 479 222 558 1053 199 453 568 570 446 29 4 475 6 350 497 180 627 785 637 8 804 832 258 667 928 22
73
0 90 133 191 26 191 133 99 105 81 99 24 98 76 43 46 10 111 47 37 183 18 97 41 104 158 54 57 80 62 46 85 152 153 92 125 42 31 6 161 55 151 97 159 61 131 16 93 188 3 22 187 101 156 93 75 32 168 91 8 178 54 176 22 177 137 12 135 142 161 49 10 83 0
1009 993 1014 54 175 653 1124 64 554 972 1141 777 101 933 1005 594 17 898 1088 189 1032 878 1113 882 405 964 800 736 534 1109 650 1047 825 969 856 445 670 133
81
0 90 122 165 58 4 42 103 176 84 159 184 68 178 111 10 148 15 35 90 133 32 75 16 75 39 143 185 42 103 7 34 21 6 31 42 103 95 190 23 135 144 65 125 72 163 14 130 29 111 10 46 43 117 86 160 91 118 116 95 67 77 8 192 193 139 105 155 20 155 114 98 109 197 93 188 3 181 151 10 83 0
424 393 98 81 880 744 271 417 678 1098 422 773 605 95 366 188 1073 468 966 323 600 35 1081 976 1074 735 83 277 914 354 172 269 562 469 942 333 619 306 361 755 498 75 483 628 47 72
84
0 83 188 3 159 27 2 14 130 121 128 47 111 10 46 43 185 48 98 70 116 112 186 88 91 160 4 166 32 179 108 187 80 57 119 101 156 7 92 124 126 44 169 20 45 3 188 93 16 112 170 76 43 185 42 31 193 191 26 180 158 54 141 52 184 68 157 68 94 140 71 139 105 107 56 163 195 126 44 122 171 49 10 83 0
645 392 1122 1042 140 256 160 459 895 837 1136 509 1013 11 71 778 33 32 131 765 191 45 364 923 625 42 1194 884 939 193 1147 242 803 710 80 576 302 629 947 462
109
0 90 186 112 170 76 43 115 43 185 48 177 163 116 83 106 162 102 167 100 194 9 69 66 67 185 42 53 181 3 188 43 46 10 111 47 37 180 14 130 29 35 15 148 15 35 29 69 70 197 113 53 11 59 144 135 51 169 131 78 119 90 133 50 152 153 92 58 84 126 139 105 107 45 10 46 43 185 48 189 44 1 93 188 3 181 107 196 166 4 42 28 60 161 49 171 49 155 40 159 97 41 194 9 7 87 49 10 83 0
65 1165 177 595 1075 632 616 732 658 62 768 921 871 1045 701 782 912 723 452 400 148 144 449 250 162 940 834 434 1168 1044 684 115 10 974 166 1137 287 351 1159 997 232 454 676 1082
83
0 90 133 52 184 195 127 178 180 159 61 122 44 1 198 124 51 169 20 155 114 134 156 162 184 68 157 51 169 131 61 177 137 13 127 123 72 98 138 43 147 50 47 111 30 109 38 130 194 9 69 66 48 170 76 43 46 10 49 174 142 161 49 10 111 56 9 23 165 20 155 105 139 71 190 124 111 47 37 183 167 58 83 0
360 655 478 1130 1084 283 827 970 692 746 707 695 1163 419 868 145 646 1038 307 93 294 617 365 611 956 1011 961 200 463 659 416 1153 331 798 278 395
130
0 90 133 191 26 109 11 90 133 191 30 111 47 37 78 187 108 187 128 47 111 36 43 46 10 83 0 90 122 165 97 159 61 131 78 46 10 111 62 32 179 199 130 29 35 15 173 198 124 92 153 170 76 182 44 126 44 122 10 49 171 95 103 33 185 143 185 42 103 7 23 190 124 92 192 193 165 97 159 184 145 132 93 188 152 184 52 154 37 47 197 113 53 181 3 162 102 14 165 55 130 29 111 163 72 98 70 197 74 177 93 75 47 161 142 135 51 169 35 15 173 65 101 30 111 10 87 49 10 83 0
853 216 428 1060 831 1036 1129 1170 982 1085 620 591 226 1029 1003 569 729 485 994 751 508 872 900 1002 286 818 290 515 207 472 780 805 1102 79 407 1096 513 563 487 155 1149 370 221 758
80
0 83 188 53 115 29 35 15 179 94 140 173 15 35 29 69 66 11 63 144 164 134 6 31 42 177 4 166 162 184 68 157 161 142 174 51 6 156 117 86 40 62 132 145 109 197 12 128 72 97 163 27 2 151 27 82 181 3 188 93 132 99 133 191 107 153 92 192 8 91 24 155 114 25 125 150 100 167 58 83 0
1174 380 1144 1150 194 789 1148 241 1022 634 902 371 430 579 421 437 728 754 578 1117 846 951 359 801 330 665 577 91 300
82
0 90 123 72 98 70 161 142 174 147 43 185 48 51 57 144 16 151 10 46 193 130 29 69 66 52 138 98 72 53 18 83 0 61 177 191 107 181 69 29 35 15 173 65 101 170 112 186 88 4 160 91 8 77 176 76 42 31 5 30 5 120 25 114 105 99 133 50 30 111 47 142 190 70 30 111 10 83 17 63 144 90 0
737 289 870 1104 873 581 932 313 280 642 40 1062 281 24 524 672 1199 955 240 614 37 1189 288 379 771 580 1115 121 340 971 234 342 291 1101 106
95
0 83 188 3 22 21 144 63 36 156 162 175 139 105 99 133 50 136 173 15 35 29 19 178 167 58 84 196 107 105 139 13 41 194 170 76 43 185 39 115 43 186 112 170 76 43 185 42 31 6 86 123 54 141 24 167 100 176 77 186 112 170 76 160 86 101 65 125 150 151 10 49 161 151 10 111 174 47 37 25 114 105 99 133 191 26 180 159 55 31 42 103 95 11 90 0
456 317 690 374 345 413 154 1192 418 161 797 218 1055 139 169 192 230 592 640 538 877 396 1123 887 448 1048 861 796 767 1185 1095 1135 559
74
0 83 17 162 3 181 107 196 104 102 18 176 9 64 117 86 16 93 188 3 181 107 25 114 125 65 199 109 173 65 57 80 23 165 55 109 134 77 8 174 51 96 192 95 134 156 101 65 52 184 68 195 44 189 168 64 145 132 62 111 47 140 43 147 186 112 170 76 43 185 48 34 10 83 0
1054 1188 715 236 1195 530 764 423 660 833 410 465 209 451 1193 763 704 1001 488 167 811 440 264 621 141 1067 718 585 426 639 1057 185 1184
84
0 83 58 167 100 176 77 56 192 8 77 138 45 3 188 93 132 108 54 141 24 73 14 130 29 35 15 173 65 57 80 178 113 197 123 121 130 29 35 15 173 158 168 64 117 110 172 156 7 103 33 6 31 42 87 121 156 153 92 136 69 29 111 47 37 183 2 27 82 34 21 144 63 159 61 131 78 187 146 79 182 46 10 83 0
680 376 726 582 814 601 130 259 1061 638 318 781 949 104 44 489 952 1041 786 517 244 1083 919 996 263 936
